3.030300000000000007e-02 1.619872159689157291e-06 3.258968372223115528e-01
3.636360000000000287e-02 1.133910511782410061e-05 6.691885067234246698e-01
4.242420000000000219e-02 4.643633524442250760e-05 6.905295026623825549e-01
4.848480000000000151e-02 1.328295170945108987e-04 8.823058064680175949e-01
5.454549999999999677e-02 3.606915342241190500e-04 8.850006065813074141e-01
6.060610000000000303e-02 7.829382105164260728e-04 8.373215931475519458e-01
6.666669999999999541e-02 1.642010412538242453e-03 8.260519920974331853e-01
7.272729999999999473e-02 2.929268822104559404e-03 8.697964193191670690e-01
7.878789999999999405e-02 4.749465172208608942e-03 8.993842957790948445e-01
8.484849999999999337e-02 7.153895414573881693e-03 8.780169755946408694e-01
9.090910000000000657e-02 1.048651240444104134e-02 9.217211146997816851e-01
9.696970000000000589e-02 1.422949700809612167e-02 9.230446354084216321e-01
1.030299999999999966e-01 1.862151039039999095e-02 9.441601109310888695e-01
1.090909999999999935e-01 2.332345931259105151e-02 9.550199241345530554e-01
1.151520000000000044e-01 2.850327052189041352e-02 9.741955534606523415e-01
1.212120000000000003e-01 3.316364272531611979e-02 9.852714015018209093e-01
1.272729999999999972e-01 3.802163933222390407e-02 9.766814591355411634e-01
1.333330000000000071e-01 4.247628777136908118e-02 1.002874821185671950e+00
1.393939999999999901e-01 4.594389410787700495e-02 1.001205201104339304e+00
1.454550000000000010e-01 4.917931876816281772e-02 1.008027415289900697e+00
1.515150000000000108e-01 5.111560595637792276e-02 1.012495962256067639e+00
1.575759999999999939e-01 5.213990511868803190e-02 1.020695289493531943e+00
1.636360000000000037e-01 5.258105030351004766e-02 1.027769114848412491e+00
1.696969999999999867e-01 5.166366270373941999e-02 1.027565903740891518e+00
1.757579999999999976e-01 5.038882331406405179e-02 1.039254425490090394e+00
1.818180000000000074e-01 4.797197405180782942e-02 1.031099771746930127e+00
1.878789999999999905e-01 4.520523240305875101e-02 1.027717255253959072e+00
1.939390000000000003e-01 4.194442974560447929e-02 1.034953897484381491e+00
2.000000000000000111e-01 3.833535457381703759e-02 1.035403222302550663e+00
2.060609999999999942e-01 3.496332069473077203e-02 1.018612967424343374e+00
2.121210000000000040e-01 3.112800337797341083e-02 1.022821591575956868e+00
2.181819999999999871e-01 2.764851797896110061e-02 1.020144026364064205e+00
2.242419999999999969e-01 2.407076033559431630e-02 1.011806954304440120e+00
2.303030000000000077e-01 2.096492544808363848e-02 1.002967845096017108e+00
2.363639999999999908e-01 1.795844271970056111e-02 9.993102210348887571e-01
2.424240000000000006e-01 1.530239233519690642e-02 9.867709103669379811e-01
2.484850000000000114e-01 1.303889097072459015e-02 9.668225220286670307e-01
2.545450000000000212e-01 1.109450442171103918e-02 9.727499550150650043e-01
2.606060000000000043e-01 9.321824321624537155e-03 9.591272186273459566e-01
2.666669999999999874e-01 7.678194036926606035e-03 9.315669881996848645e-01
2.727269999999999972e-01 6.401194817704986863e-03 9.229624775487773602e-01
2.787879999999999803e-01 5.354757402545790891e-03 8.956862683323588703e-01
2.848479999999999901e-01 4.377974490253229260e-03 8.991723851023384340e-01
2.909089999999999732e-01 3.458427060936351046e-03 8.695763403998619800e-01
2.969700000000000117e-01 2.946547458474577195e-03 8.511849834558686823e-01
3.030300000000000216e-01 2.311557571876427398e-03 8.418503272055857245e-01
3.090910000000000046e-01 1.831535455221873889e-03 8.419819519396443130e-01
3.151519999999999877e-01 1.514580469309362168e-03 8.489290291080978657e-01
3.212119999999999975e-01 1.220303693632498500e-03 8.279286081208608872e-01
3.272729999999999806e-01 9.368260656868960048e-04 7.818150951787908864e-01
3.333329999999999904e-01 7.613399150539039428e-04 7.312388497235723372e-01
3.393939999999999735e-01 5.961129547656098763e-04 6.746064614494025058e-01
3.454550000000000121e-01 4.892013922261254739e-04 7.957403518992905989e-01
3.515150000000000219e-01 3.633913211569342891e-04 7.268087268471574713e-01
3.575760000000000050e-01 2.597195029368282496e-04 5.804948598028034645e-01
3.636360000000000148e-01 2.073436364402121332e-04 6.476738040444819378e-01
3.696969999999999978e-01 1.781859375658073012e-04 6.279403066930591137e-01
3.757579999999999809e-01 1.290498153885695476e-04 6.515285442653848680e-01
3.818179999999999907e-01 1.090713920857365991e-04 4.456784197383495405e-01
3.878789999999999738e-01 8.261348014414701972e-05 4.531976477321243424e-01
3.939389999999999836e-01 5.561561081599440470e-05 4.211467375881693398e-01
4.000000000000000222e-01 3.455727274003535780e-05 5.248853211114656858e-01
4.060610000000000053e-01 2.861774148784177951e-05 3.761650050057626649e-01
4.121210000000000151e-01 1.943846591626988919e-05 4.594034125343414154e-01
4.181819999999999982e-01 1.727863637001767890e-05 3.408715366402926272e-01
4.242420000000000080e-01 1.241901989095020576e-05 2.889060526854405619e-01
4.303029999999999911e-01 8.639318185008839450e-06 3.545191662291325430e-01
4.363639999999999741e-01 4.859616479067472296e-06 2.825548442612810240e-01
4.424239999999999839e-01 4.319659092504419725e-06 1.664204878655977937e-01
4.484850000000000225e-01 4.859616479067472296e-06 3.382496191369654404e-01
4.545449999999999768e-01 2.159829546252209862e-06 8.585068728868233690e-01
4.606060000000000154e-01 1.079914773126104931e-06 5.818243591542203719e-01
4.727270000000000083e-01 1.079914773126104931e-06 2.223138528375911693e-01
