-5.858590000000000231e+01 3.239746068703135086e-06 5.413203103524508730e-01
-5.757580000000000098e+01 4.319661424937513165e-06 4.545725051197084809e-01
-5.656569999999999965e+01 4.319661424937513165e-06 5.111914534704918855e-01
-5.555559999999999832e+01 8.639322849875026331e-06 7.316703018843722095e-01
-5.454549999999999699e+01 1.295898427481254034e-05 7.988833248172781953e-01
-5.353540000000000276e+01 2.591796854962508069e-05 6.328259786979705259e-01
-5.252530000000000143e+01 4.211669889314075612e-05 7.097583584768134557e-01
-5.151520000000000010e+01 6.263509066159394048e-05 6.366655504204998817e-01
-5.050509999999999877e+01 1.096114086577894026e-04 7.497183242170173401e-01
-4.949490000000000123e+01 1.835856105598443260e-04 7.581615030847619341e-01
-4.848479999999999990e+01 2.678190083461258518e-04 7.051535066943089847e-01
-4.747469999999999857e+01 3.979488087723684320e-04 6.794309433963428013e-01
-4.646459999999999724e+01 5.907136998602049256e-04 6.431228029769663346e-01
-4.545450000000000301e+01 9.060489838806434163e-04 7.234926869115485548e-01
-4.444440000000000168e+01 1.339634999408746436e-03 7.512595535130085489e-01
-4.343430000000000035e+01 1.856374497366896411e-03 7.268665058781883515e-01
-4.242419999999999902e+01 2.684669575598664423e-03 7.480984922484005262e-01
-4.141409999999999769e+01 3.646874158003495740e-03 7.704391803623017454e-01
-4.040400000000000347e+01 5.008647422215046531e-03 7.799034948390213273e-01
-3.939390000000000214e+01 6.615021514613684574e-03 8.042055208796673460e-01
-3.838380000000000081e+01 8.777012057794910185e-03 8.032457472559422218e-01
-3.737369999999999948e+01 1.120196199021920684e-02 7.954923708907573054e-01
-3.636359999999999815e+01 1.427162139031542751e-02 8.157234636246627479e-01
-3.535349999999999682e+01 1.762097886767634985e-02 8.244990095773510053e-01
-3.434340000000000259e+01 2.196169864206043432e-02 8.451878869653860482e-01
-3.333330000000000126e+01 2.582293599827645628e-02 8.608357422744072895e-01
-3.232319999999999993e+01 3.076624854143932344e-02 8.673130448668393555e-01
-3.131309999999999860e+01 3.561182874486297500e-02 9.010594542132561724e-01
-3.030300000000000082e+01 4.063019540528413354e-02 9.014276517266847089e-01
-2.929289999999999949e+01 4.542015996786171600e-02 9.176345009581169387e-01
-2.828280000000000172e+01 5.010753257159703683e-02 9.340814177055668521e-01
-2.727270000000000039e+01 5.367611286627354400e-02 9.450882322147222681e-01
-2.626259999999999906e+01 5.671283484800461461e-02 9.696216537669368751e-01
-2.525250000000000128e+01 5.863994380120485933e-02 9.778518225926405849e-01
-2.424239999999999995e+01 5.922147822053707572e-02 9.979114519623496493e-01
-2.323229999999999862e+01 5.873119664880666752e-02 1.017471047820519781e+00
-2.222220000000000084e+01 5.684404456378708975e-02 1.036563336414761505e+00
-2.121209999999999951e+01 5.371930948052291988e-02 1.047812684415485363e+00
-2.020200000000000173e+01 4.983485394414785552e-02 1.069471205278192949e+00
-1.919190000000000040e+01 4.502545090515805426e-02 1.097063407228861864e+00
-1.818179999999999907e+01 3.976302337422792793e-02 1.113446107624999515e+00
-1.717170000000000130e+01 3.364098321973523625e-02 1.142795798399952600e+00
-1.616159999999999997e+01 2.810479714599969578e-02 1.162947715861476050e+00
-1.515150000000000041e+01 2.281483177348559571e-02 1.189747042999025783e+00
-1.414140000000000086e+01 1.769009345047535195e-02 1.202460656238974357e+00
-1.313129999999999953e+01 1.325920074384569734e-02 1.241648731320450061e+00
-1.212119999999999997e+01 9.694400152916013771e-03 1.271883064210916681e+00
-1.111110000000000042e+01 6.541047312711629515e-03 1.299809333818126023e+00
-1.010100000000000087e+01 4.283484260503661774e-03 1.307862314269119253e+00
-9.090909999999999158e+00 2.686289448633016278e-03 1.407663873059187054e+00
-8.080809999999999604e+00 1.619873034351567570e-03 1.430235535607357278e+00
-7.070710000000000051e+00 8.720316501592605216e-04 1.504723110613383374e+00
-6.060609999999999609e+00 4.130676237596497065e-04 1.532606171408283258e+00
-5.050510000000000055e+00 1.744063300318521043e-04 1.514563509250770768e+00
-4.040399999999999991e+00 5.669555620230486061e-05 1.887371584055985041e+00
-3.030299999999999994e+00 1.727864569975005266e-05 1.322033201245451872e+00
