0.000000000000000000e+00
1.853209819958942517e-01
1.822809617136603721e-01
1.704909615509380139e-01
1.640193509309393061e-01
1.563252937974367596e-01
1.503787025774229180e-01
1.382308097551697423e-01
1.313221620349878105e-01
1.251827814892143564e-01
1.196634450007272171e-01
1.209310980048864392e-01
1.209711852730915721e-01
1.244979511489349988e-01
1.266623930046545388e-01
1.316729760547590278e-01
1.391000591687554522e-01
1.630806438782531897e-01
1.995144784222790679e-01
2.095954094428753856e-01
1.789845213003304902e-01
1.608510642879707464e-01
1.513577583774253776e-01
1.409613769267751282e-01
1.390599395244049852e-01
1.383216736637939703e-01
1.375652791775523465e-01
1.398314775530373755e-01
1.387424152231710450e-01
1.440666990838525563e-01
1.516384990109729825e-01
1.577083864953779668e-01
