0.000000000000000000e+00
1.927071950839371883e-01
1.814575812293562629e-01
1.790888631052810487e-01
1.725076752893910104e-01
1.631914363284562020e-01
1.525672308003873379e-01
1.443863656863900724e-01
1.333443871253589819e-01
1.288083447385189595e-01
1.261114948467410291e-01
1.211735229646448003e-01
1.236228705725429533e-01
1.256037971107465678e-01
1.323614050522128327e-01
1.357606146335925690e-01
1.443566159635605306e-01
1.691286019132279550e-01
2.074551604379866465e-01
2.099577358971524976e-01
1.887387802540383130e-01
1.694585858197650841e-01
1.610165718720550088e-01
1.502340775588208444e-01
1.476324869206831480e-01
1.433792728916306880e-01
1.414379036247449817e-01
1.410766077791987816e-01
1.440015643412761448e-01
1.472649054061405394e-01
1.537958202326114299e-01
1.607460805426242645e-01
