-4.989899999999999891e-02 3.779699665064614161e-06 3.477378048852643455e-01
-4.884850000000000303e-02 9.179270615156918955e-06 5.289494973150202783e-01
-4.779800000000000021e-02 3.185746860554460307e-05 5.910230987168303418e-01
-4.674749999999999739e-02 6.263502302107073951e-05 6.379343705413406118e-01
-4.569700000000000151e-02 1.241901318521230395e-04 5.528976787758621558e-01
-4.464649999999999869e-02 1.997841251534152973e-04 5.458253987854387868e-01
-4.359600000000000281e-02 2.931967025900121732e-04 6.471160725263410685e-01
-4.254549999999999998e-02 4.168468773471260065e-04 7.032223826053221050e-01
-4.149490000000000123e-02 5.415769662942582522e-04 6.127302437195206730e-01
-4.044439999999999841e-02 6.938448670868612887e-04 7.711143851396916604e-01
-3.939390000000000253e-02 8.488125533545104375e-04 7.020264149949944077e-01
-3.834339999999999971e-02 1.010259724762270495e-03 6.885019500689673055e-01
-3.729289999999999689e-02 1.245141061091285632e-03 7.780420673789508745e-01
-3.624240000000000100e-02 1.382830120318639423e-03 7.545437997179861300e-01
-3.519189999999999818e-02 1.579374502901999483e-03 7.708639694862400304e-01
-3.414140000000000230e-02 1.750540902019925415e-03 8.091373619717409094e-01
-3.309089999999999948e-02 2.005400650864282239e-03 8.299810349298103462e-01
-3.204039999999999666e-02 2.180346749647273184e-03 8.231221831161280589e-01
-3.098990000000000078e-02 2.476243237712331523e-03 8.395380943996255674e-01
-2.993940000000000143e-02 2.739742300076836081e-03 8.583786283414061025e-01
-2.888889999999999861e-02 3.058316986132281895e-03 8.743355628395890200e-01
-2.783839999999999926e-02 3.362852787717487968e-03 9.085994286257965680e-01
-2.678789999999999991e-02 3.810477219480140273e-03 9.175251524554883797e-01
-2.573740000000000056e-02 4.326676202308964506e-03 9.201636002122554059e-01
-2.468690000000000120e-02 4.755942092841303204e-03 9.153811116418058003e-01
-2.363639999999999838e-02 5.267281461815044065e-03 9.511412329328579052e-01
-2.258589999999999903e-02 6.025381223208003956e-03 9.414794615336534722e-01
-2.153539999999999968e-02 6.865554463042366877e-03 9.633253261224166142e-01
-2.048480000000000092e-02 7.681969590696322882e-03 9.799031359928419560e-01
-1.943430000000000157e-02 8.848276915916261642e-03 9.523054050747902233e-01
-1.838379999999999875e-02 1.001890389789627384e-02 9.851867970394142526e-01
-1.733329999999999940e-02 1.150702565174171327e-02 1.007783736486915327e+00
-1.628280000000000005e-02 1.309287963978382312e-02 1.012974190154884324e+00
-1.523230000000000070e-02 1.489039680906955113e-02 1.009311083896024419e+00
-1.418179999999999961e-02 1.732128365080110727e-02 1.013976993747554900e+00
-1.313130000000000026e-02 2.016685754149975113e-02 1.017844794218613735e+00
-1.208079999999999918e-02 2.360368445123350520e-02 1.018914038020501955e+00
-1.103029999999999983e-02 2.767172120503304938e-02 1.014926712882209037e+00
-9.979800000000000476e-03 3.280077365052572885e-02 1.021380592019694111e+00
-8.929289999999999450e-03 3.911935157632374233e-02 1.023603329715093713e+00
-7.878790000000000099e-03 4.731266053599381127e-02 1.007672019484461501e+00
-6.828279999999999940e-03 5.719441533175773779e-02 1.010738646466796897e+00
-5.777779999999999722e-03 6.896008043200886617e-02 1.009761682893371981e+00
-4.727270000000000430e-03 8.243686956634425911e-02 1.009676221733746049e+00
-3.676770000000000212e-03 9.869497769707219481e-02 1.004044250446487485e+00
-2.626260000000000053e-03 1.153229564378814437e-01 1.000894641054540735e+00
-1.575760000000000051e-03 1.153488743784418930e-01 9.988639748944830865e-01
-5.252530000000000480e-04 8.569227089215490645e-02 9.952691991563342722e-01
5.252530000000000480e-04 3.666092692274671577e-02 1.028138150564220865e+00
1.575760000000000051e-03 7.899572299985042553e-03 1.074462191248987786e+00
2.626260000000000053e-03 6.727865403815012435e-04 9.964111409928974039e-01
3.676770000000000212e-03 1.241901318521230361e-05 1.062277455433929152e+00
