1.313130000000000130e-01 1.079914190018461128e-06 5.445226608023823189e-01
1.515150000000000108e-01 5.939528045101535994e-06 6.285607393712786539e-01
1.616160000000000097e-01 1.349892737523076347e-05 4.636536795495573848e-01
1.717170000000000085e-01 2.267819799038768412e-05 1.228944255741630576e+00
1.818180000000000074e-01 4.859613855083074781e-05 8.919458603582475220e-01
1.919190000000000063e-01 8.477326391644919709e-05 9.580993446633786492e-01
2.020200000000000051e-01 1.430886301774460972e-04 8.901366007308236794e-01
2.121210000000000040e-01 2.753781184547075822e-04 9.232754500030347922e-01
2.222220000000000029e-01 4.443846891925967431e-04 1.021976244389606991e+00
2.323230000000000017e-01 7.521602333478581617e-04 9.719413263778697853e-01
2.424240000000000006e-01 1.247840846566331853e-03 9.180328927726663091e-01
2.525249999999999995e-01 2.053996789415112913e-03 9.927862641898165252e-01
2.626260000000000261e-01 3.173867804464257283e-03 9.416209604867658012e-01
2.727269999999999972e-01 4.853674327037973621e-03 9.517559806921424004e-01
2.828280000000000238e-01 7.231105416363616152e-03 9.399965082796850613e-01
2.929289999999999949e-01 1.061447657369145488e-02 9.913596976705558728e-01
3.030300000000000216e-01 1.445681126177713986e-02 9.759983262768067158e-01
3.131309999999999927e-01 1.908262369472121800e-02 9.735290136015501972e-01
3.232320000000000193e-01 2.444601751944790527e-02 9.850824125278460075e-01
3.333329999999999904e-01 3.036556715203410015e-02 9.955975961127748741e-01
3.434340000000000170e-01 3.627485759981512181e-02 1.000795325633056621e+00
3.535349999999999882e-01 4.201244169138320522e-02 1.017838987081055802e+00
3.636360000000000148e-01 4.734937761845443849e-02 1.012368685232197585e+00
3.737369999999999859e-01 5.226082735465839568e-02 1.024570200041611923e+00
3.838380000000000125e-01 5.700705021978953735e-02 1.022751822910178854e+00
3.939389999999999836e-01 6.065284052529185815e-02 1.019440473887124110e+00
4.040400000000000102e-01 6.362260454784263164e-02 1.017379354445680395e+00
4.141409999999999814e-01 6.449085555661747404e-02 1.017095834461851700e+00
4.242420000000000080e-01 6.387638438249697292e-02 1.021725321748770288e+00
4.343429999999999791e-01 6.061666339992623914e-02 1.018756670245128060e+00
4.444440000000000057e-01 5.609128298665388285e-02 1.009257104057979193e+00
4.545449999999999768e-01 4.988933579337785640e-02 1.003970064167401866e+00
4.646460000000000035e-01 4.306427811246118370e-02 1.002815608219245869e+00
4.747469999999999746e-01 3.630617511132565312e-02 1.001822881583199987e+00
4.848480000000000012e-01 2.970141992517274718e-02 1.006708391756171883e+00
4.949489999999999723e-01 2.425811245038469316e-02 9.735120585088015144e-01
5.050510000000000277e-01 1.962582053230050444e-02 9.880754101946143120e-01
5.151520000000000543e-01 1.590173644802184150e-02 9.595106815996194971e-01
5.252529999999999699e-01 1.281048207909399501e-02 9.506024520379218190e-01
5.353539999999999965e-01 1.033747858395171922e-02 9.341172673176144636e-01
5.454550000000000232e-01 8.337477504037529852e-03 9.189661168343785658e-01
5.555560000000000498e-01 6.703027377444588028e-03 8.702210100012673921e-01
5.656569999999999654e-01 5.357454296681585758e-03 8.527509820453377243e-01
5.757579999999999920e-01 4.313717232028743340e-03 8.356005005476317971e-01
5.858590000000000186e-01 3.482183305714527718e-03 7.787905778219224029e-01
5.959600000000000453e-01 2.674947448675728083e-03 7.599891268387578558e-01
6.060609999999999609e-01 1.863931891971863869e-03 6.954408362700356117e-01
6.161619999999999875e-01 1.103672302198867262e-03 6.812459747096837326e-01
6.262630000000000141e-01 5.286179960140367610e-04 6.112448335690118251e-01
6.363640000000000407e-01 1.495681153175568699e-04 5.881243937082137885e-01
6.464649999999999563e-01 1.781858413530460798e-05 4.416038318161175646e-01
