0.000000000000000000e+00
1.567979055144469003e+00
1.099722708349282652e+00
6.915329076888139248e-01
4.654586958990369339e-01
2.816693755543417943e-01
1.762151994374629715e-01
1.228669698605672628e-01
8.902129495273854165e-02
7.331574036479546197e-02
6.792833437701963073e-02
7.128061775874876271e-02
7.640399904632950989e-02
9.030276108024830328e-02
1.081889780857350908e-01
1.303855588475933691e-01
1.597225363174648027e-01
2.140677983703270504e-01
2.783780968428911651e-01
2.635386272101769567e-01
2.100184572546194561e-01
1.680234029187156752e-01
1.451646085238222916e-01
1.285460544909668434e-01
1.223968076871228272e-01
1.201846988934917732e-01
1.228877712597160610e-01
1.297162822510440072e-01
1.405977704834223407e-01
1.549748695069866899e-01
1.714621560848849924e-01
1.868576347142566485e-01
