0.000000000000000000e+00
1.133627864080246628e+00
9.184413327466801613e-01
5.790514259593022572e-01
3.992667408667053830e-01
2.569695747510785111e-01
1.638641583292636539e-01
1.170889035326075633e-01
8.560791609159275339e-02
6.957460201944427880e-02
6.542616511162679949e-02
6.757672301885210564e-02
7.352175837592658802e-02
8.638861057305199931e-02
1.018646008829317273e-01
1.226379584740874412e-01
1.493199337532403193e-01
1.964115446549842270e-01
2.528268154869155460e-01
2.416341702208666120e-01
1.903957865324703014e-01
1.580066104299101271e-01
1.340713733190392054e-01
1.210299397542925065e-01
1.137903690925118894e-01
1.102140000434280870e-01
1.128955364341429346e-01
1.197757313566582132e-01
1.271225188028371478e-01
1.380772650520409595e-01
1.505957924342355425e-01
1.631343924479341234e-01
