0.000000000000000000e+00
9.389826451895996184e-01
8.198804484480671784e-01
5.661215813336101244e-01
4.083653775146177667e-01
2.642864674255727131e-01
1.756541789683278010e-01
1.258910362029178609e-01
9.093350155672075275e-02
7.396064561342557964e-02
6.941292791632019954e-02
7.199916518896078144e-02
7.875445123384630652e-02
9.141808964484256228e-02
1.080522156943093115e-01
1.281263245461043698e-01
1.558771306735841078e-01
2.000429440219274047e-01
2.554501336953766133e-01
2.426164436089185139e-01
1.977877169518397205e-01
1.632953552020344201e-01
1.384529218265550254e-01
1.287685201607295660e-01
1.207305790513823335e-01
1.175496011819007480e-01
1.205461373905575978e-01
1.245528441382554030e-01
1.338256284658288497e-01
1.444918331955554192e-01
1.575411242542583967e-01
1.706779469805778104e-01
