0.000000000000000000e+00
1.795593694089000492e-01
1.745933233838127818e-01
1.699060144707321973e-01
1.585604257861444322e-01
1.526307677260392293e-01
1.437427332685820291e-01
1.351643252402077999e-01
1.281782558647364956e-01
1.225569657985858124e-01
1.179519333802398068e-01
1.187645623426239888e-01
1.199216899110134987e-01
1.214272536170421940e-01
1.253339166558997408e-01
1.290247166840722826e-01
1.383862524079404743e-01
1.595973989793166292e-01
1.959898435020554497e-01
2.044574015165037395e-01
1.732684144681885252e-01
1.540472375609879263e-01
1.436871350118700819e-01
1.377897273551536850e-01
1.336545772959810141e-01
1.343162686265169381e-01
1.325576194854537759e-01
1.328299249208510779e-01
1.367115821495542005e-01
1.408479105070943593e-01
1.511958694653562363e-01
1.555381093277423687e-01
