0 0
0.02 0
0.04 0
0.06 0
0.08 0
0.1 0
0.12 0
0.14 0
0.16 0
0.18 0
0.2 0
0.22 0
0.24 0
0.26 0
0.28 0
0.3 0
0.32 0
0.34 0
0.36 0
0.38 0
0.4 0
0.42 0
0.44 0
0.46 0
0.48 0
0.5 0
0.52 0
0.54 0
0.56 0
0.58 0
0.6 0
0.62 0
0.64 0
0.66 0
0.68 0
0.7 0
0.72 0
0.74 0
0.76 -0.0478602
0.78 -0.00200313
0.8 -0.00354505
0.82 -9.37135e-05
0.84 0.00490223
0.86 0.00927825
0.88 0.0146099
0.9 0.0208753
0.92 0.0255928
0.94 0.03016
0.96 0.03409
0.98 0.0371092
1 0.0393389
1.02 0.0407928
1.04 0.0417276
1.06 0.0417531
1.08 0.0411029
1.1 0.0403169
1.12 0.038766
1.14 0.0370241
1.16 0.0350277
1.18 0.0325781
1.2 0.0301646
1.22 0.0270797
1.24 0.0237613
1.26 0.0202422
1.28 0.0165213
1.3 0.0125002
1.32 0.00880487
1.34 0.00513178
1.36 0.00207812
1.38 -0.000455181
1.4 -0.00230105
1.42 -0.00331307
1.44 -0.00421158
1.46 -0.0042799
1.48 -0.00417513
1.5 -0.00422553
1.52 -0.00427122
1.54 -0.0041395
1.56 -0.00421279
1.58 -0.00421975
1.6 -0.00432313
1.62 -0.00468732
1.64 -0.00423514
1.66 -0.00390648
1.68 -0.00314768
1.7 -0.00214953
1.72 -0.000788107
1.74 0.00061838
1.76 0.00228954
1.78 0.00411894
1.8 0.00574482
1.82 0.00735261
1.84 0.00898006
1.86 0.0103084
1.88 0.0114437
1.9 0.0123157
1.92 0.0129558
1.94 0.0135099
1.96 0.0136625
1.98 0.0136908
2 0.0135536
2.02 0.0131287
2.04 0.012674
2.06 0.0118119
2.08 0.0108452
2.1 0.00986014
2.12 0.00864926
2.14 0.00716236
2.16 0.00582385
2.18 0.0042187
2.2 0.00264727
2.22 0.00103363
2.24 -0.000338512
2.26 -0.00172826
2.28 -0.00306488
2.3 -0.00419011
2.32 -0.00513749
2.34 -0.00588122
2.36 -0.0063029
2.38 -0.00664667
2.4 -0.00667528
2.42 -0.00651256
2.44 -0.00621839
2.46 -0.00570305
2.48 -0.00498296
2.5 -0.00425149
2.52 -0.00333646
2.54 -0.00249082
2.56 -0.00154355
2.58 -0.000747132
2.6 0.000159004
2.62 0.000942202
2.64 0.00169584
2.66 0.00240437
2.68 0.00297844
2.7 0.0035372
2.72 0.00403147
2.74 0.00441906
2.76 0.00472552
2.78 0.00499806
2.8 0.00510757
2.82 0.00529164
2.84 0.00528257
2.86 0.00523876
2.88 0.00507829
2.9 0.00492362
2.92 0.00467978
2.94 0.00434498
2.96 0.00396876
2.98 0.00366559
3 0.00319998
3.02 0.00273471
3.04 0.00222052
3.06 0.00173505
3.08 0.00118277
3.1 0.000677757
3.12 0.000145181
3.14 -0.000347127
3.16 -0.000809195
3.18 -0.00136347
3.2 -0.00178177
3.22 -0.00207816
3.24 -0.00234442
3.26 -0.00257881
3.28 -0.00276012
3.3 -0.00281339
3.32 -0.00277966
3.34 -0.00274306
3.36 -0.00257526
3.38 -0.00237878
3.4 -0.00214165
3.42 -0.00176345
3.44 -0.00143896
3.46 -0.00106709
3.48 -0.00066677
3.5 -0.000282876
3.52 0.000161597
3.54 0.000550298
3.56 0.000874525
3.58 0.00124478
3.6 0.00155109
3.62 0.00182014
3.64 0.00204219
3.66 0.00225906
3.68 0.00238817
3.7 0.00251422
3.72 0.00252729
3.74 0.00251697
3.76 0.00254979
3.78 0.0023981
3.8 0.00235615
3.82 0.00216225
3.84 0.00192103
3.86 0.00174366
3.88 0.00158446
3.9 0.00127554
3.92 0.00104543
3.94 0.000766617
3.96 0.000530067
3.98 0.000223255
4 -7.75268e-05
4.02 -0.000198364
4.04 -0.000556587
4.06 -0.000711791
4.08 -0.000905512
4.1 -0.00104483
4.12 -0.00119976
4.14 -0.00123267
4.16 -0.00130185
4.18 -0.00137436
4.2 -0.00136037
4.22 -0.00138327
4.24 -0.00124526
4.26 -0.00118327
4.28 -0.0010973
4.3 -0.000938096
4.32 -0.00075684
4.34 -0.000676635
4.36 -0.00050903
4.38 -0.000268363
4.4 -0.000158777
4.42 5.36317e-05
4.44 0.000250688
4.46 0.000442641
4.48 0.000582691
4.5 0.000712414
4.52 0.000882745
4.54 0.000966264
4.56 0.00103293
4.58 0.00115067
4.6 0.00120417
4.62 0.00121171
4.64 0.00123279
4.66 0.00119418
4.68 0.00115084
4.7 0.00112935
4.72 0.000971233
4.74 0.000950537
4.76 0.000840228
4.78 0.000719688
4.8 0.000642209
4.82 0.000433611
4.84 0.000309988
4.86 0.000197237
4.88 6.46782e-05
4.9 -4.54838e-05
4.92 -0.000214407
4.94 -0.000314305
4.96 -0.000448573
4.98 -0.000511924
5 -0.000607352
5.02 -0.000672843
5.04 -0.000687016
5.06 -0.000701259
5.08 -0.00075112
5.1 -0.000705835
5.12 -0.00074603
5.14 -0.00067417
5.16 -0.000603483
5.18 -0.000511281
5.2 -0.000489802
5.22 -0.000369652
5.24 -0.00033007
5.26 -0.000200417
5.28 -0.000128823
5.3 -1.02277e-05
5.32 3.85805e-05
5.34 0.000158702
5.36 0.000230233
5.38 0.000307736
5.4 0.000369697
5.42 0.000432379
5.44 0.000481011
5.46 0.000579883
5.48 0.000557916
5.5 0.000551293
5.52 0.000582613
5.54 0.000581695
5.56 0.000602545
5.58 0.000514646
5.6 0.000498289
5.62 0.000502134
5.64 0.000433622
5.66 0.000405435
5.68 0.0003046
5.7 0.000236084
5.72 0.00020431
5.74 0.000111689
5.76 6.45158e-05
5.78 -7.28274e-06
5.8 -6.24954e-05
5.82 -0.000125777
5.84 -0.000217115
5.86 -0.000227689
5.88 -0.000278423
5.9 -0.000332929
5.92 -0.000373036
5.94 -0.000381816
5.96 -0.000403701
5.98 -0.000411773
6 -0.000396252
6.02 -0.000343774
6.04 -0.000333419
6.06 -0.000339053
6.08 -0.000282087
6.1 -0.000221079
6.12 -0.000213765
6.14 -0.00017797
6.16 -7.7705e-05
6.18 -6.58154e-05
6.2 -3.39986e-05
6.22 4.37039e-05
6.24 8.53696e-05
6.26 0.000122981
6.28 0.000158921
6.3 0.000233295
6.32 0.00026626
6.34 0.000243794
6.36 0.000297573
6.38 0.000311975
6.4 0.000314727
6.42 0.000308099
6.44 0.000322307
6.46 0.00028671
6.48 0.000291257
6.5 0.000273746
6.52 0.000256855
6.54 0.000262707
6.56 0.000164015
6.58 0.000129829
6.6 0.000125886
6.62 9.70263e-05
6.64 3.89541e-05
6.66 2.27403e-05
6.68 -6.05202e-06
6.7 -1.17572e-05
6.72 -0.000101703
6.74 -0.000122147
6.76 -0.000142879
6.78 -0.000139117
6.8 -0.000186132
6.82 -0.000189242
6.84 -0.000215829
6.86 -0.000219553
6.88 -0.000202996
6.9 -0.000180665
6.92 -0.000175969
6.94 -0.000165209
6.96 -0.000158495
6.98 -0.000152226
7 -0.000127164
7.02 -0.000100828
7.04 -6.95212e-05
7.06 -3.54984e-05
7.08 2.71515e-06
7.1 9.99265e-07
7.12 6.09544e-06
7.14 6.51457e-05
7.16 7.87012e-05
7.18 6.74564e-05
7.2 0.000114031
7.22 0.000132234
7.24 0.000148995
7.26 0.00013733
7.28 0.000147491
7.3 0.000148321
7.32 0.000146836
7.34 0.000165523
7.36 0.000153633
7.38 0.000139
7.4 0.000123939
7.42 8.71584e-05
7.44 0.000111761
7.46 6.23076e-05
7.48 7.15121e-05
7.5 7.8228e-05
7.52 4.41375e-05
7.54 -1.99581e-06
7.56 -1.85678e-05
7.58 -1.98409e-05
7.6 -4.26523e-05
7.62 -8.40905e-05
7.64 -7.12217e-05
7.66 -8.71268e-05
7.68 -0.000110458
7.7 -0.000106741
7.72 -0.000109699
7.74 -0.000112365
7.76 -9.96055e-05
7.78 -0.000105229
7.8 -0.000109646
7.82 -8.96843e-05

