0 0
0.02 0
0.04 0
0.06 0
0.08 0
0.1 0
0.12 0
0.14 0
0.16 0
0.18 0
0.2 0
0.22 0
0.24 0
0.26 0
0.28 0
0.3 0
0.32 0
0.34 0
0.36 0
0.38 0
0.4 0
0.42 0
0.44 0
0.46 0
0.48 0
0.5 0
0.52 0
0.54 0
0.56 0
0.58 0
0.6 0
0.62 0
0.64 0
0.66 0
0.68 0
0.7 0
0.72 0
0.74 0
0.76 0
0.78 -0.0292717
0.8 0.00466493
0.82 -0.00697161
0.84 -3.58148e-05
0.86 0.0043961
0.88 0.0120175
0.9 0.0154372
0.92 0.0202884
0.94 0.0237579
0.96 0.0269921
0.98 0.0297554
1 0.0320367
1.02 0.0337389
1.04 0.0349433
1.06 0.0355938
1.08 0.0357561
1.1 0.0354751
1.12 0.0348111
1.14 0.0338776
1.16 0.0325365
1.18 0.0309128
1.2 0.0293332
1.22 0.0270034
1.24 0.0247201
1.26 0.022309
1.28 0.0196083
1.3 0.0161865
1.32 0.0130064
1.34 0.00974952
1.36 0.00643468
1.38 0.00320774
1.4 0.000732595
1.42 -0.0015448
1.44 -0.00295004
1.46 -0.00403715
1.48 -0.00490832
1.5 -0.00487658
1.52 -0.00516942
1.54 -0.0047267
1.56 -0.00479159
1.58 -0.00437994
1.6 -0.00438827
1.62 -0.00396646
1.64 -0.00351281
1.66 -0.00305357
1.68 -0.00258694
1.7 -0.00185441
1.72 -0.00106954
1.74 -4.97721e-05
1.76 0.000938459
1.78 0.00192457
1.8 0.00323934
1.82 0.00425397
1.84 0.00532603
1.86 0.00619115
1.88 0.00698928
1.9 0.00774688
1.92 0.0083478
1.94 0.00886311
1.96 0.00919195
1.98 0.00949948
2 0.00964798
2.02 0.0094937
2.04 0.00959251
2.06 0.00923533
2.08 0.00884839
2.1 0.00838945
2.12 0.00780953
2.14 0.00703193
2.16 0.00608424
2.18 0.00507725
2.2 0.00406665
2.22 0.00300307
2.24 0.00198222
2.26 0.000976028
2.28 -0.00016106
2.3 -0.00105822
2.32 -0.00207334
2.34 -0.0028814
2.36 -0.00350123
2.38 -0.00412058
2.4 -0.00434529
2.42 -0.00458958
2.44 -0.00463511
2.46 -0.0045048
2.48 -0.00447151
2.5 -0.00407692
2.52 -0.00370364
2.54 -0.00324032
2.56 -0.00275865
2.58 -0.00214598
2.6 -0.00158255
2.62 -0.000981289
2.64 -0.000349195
2.66 7.88208e-05
2.68 0.000669387
2.7 0.00114604
2.72 0.00168614
2.74 0.00202779
2.76 0.00241674
2.78 0.0026442
2.8 0.00291538
2.82 0.00308298
2.84 0.00326246
2.86 0.00343687
2.88 0.00349157
2.9 0.00339721
2.92 0.0033549
2.94 0.00331776
2.96 0.00315009
2.98 0.00305365
3 0.00278978
3.02 0.00259821
3.04 0.00236834
3.06 0.00197467
3.08 0.00170573
3.1 0.0013414
3.12 0.00100821
3.14 0.000666877
3.16 0.000293718
3.18 -0.000105827
3.2 -0.000344353
3.22 -0.000646994
3.24 -0.000959486
3.26 -0.00122385
3.28 -0.00144794
3.3 -0.00162743
3.32 -0.00174311
3.34 -0.00184004
3.36 -0.00192058
3.38 -0.00190513
3.4 -0.00181024
3.42 -0.00171882
3.44 -0.00165655
3.46 -0.00152959
3.48 -0.00126987
3.5 -0.00106964
3.52 -0.000820483
3.54 -0.000549042
3.56 -0.000318719
3.58 -0.000108188
3.6 0.000209375
3.62 0.000391978
3.64 0.000582244
3.66 0.000853875
3.68 0.000965006
3.7 0.00111178
3.72 0.00119534
3.74 0.00127239
3.76 0.00138968
3.78 0.00143788
3.8 0.00144238
3.82 0.00145073
3.84 0.0013786
3.86 0.00133531
3.88 0.001287
3.9 0.00120453
3.92 0.00111911
3.94 0.000984569
3.96 0.000829191
3.98 0.000736578
4 0.000518692
4.02 0.000405345
4.04 0.000222743
4.06 0.000151656
4.08 -5.62486e-05
4.1 -0.000251302
4.12 -0.000308259
4.14 -0.000457442
4.16 -0.000606739
4.18 -0.000701252
4.2 -0.00076134
4.22 -0.000838275
4.24 -0.000891523
4.26 -0.000834245
4.28 -0.000834309
4.3 -0.000793087
4.32 -0.000812439
4.34 -0.000802628
4.36 -0.000608696
4.38 -0.000577663
4.4 -0.000553829
4.42 -0.000377483
4.44 -0.000367068
4.46 -0.000204712
4.48 -0.000138887
4.5 -5.5703e-05
4.52 6.84755e-05
4.54 0.000178516
4.56 0.000284026
4.58 0.000330179
4.6 0.000459992
4.62 0.000469569
4.64 0.000534071
4.66 0.000603631
4.68 0.000618665
4.7 0.00061597
4.72 0.000586536
4.74 0.000651688
4.76 0.000614259
4.78 0.00061105
4.8 0.000558155
4.82 0.000511706
4.84 0.000452722
4.86 0.000385043
4.88 0.00035452
4.9 0.000279658
4.92 0.000232264
4.94 0.000127973
4.96 6.10692e-05
4.98 -3.12705e-06
5 -7.01223e-05
5.02 -0.000155857
5.04 -0.000183297
5.06 -0.000232088
5.08 -0.000295639
5.1 -0.000334798
5.12 -0.000343176
5.14 -0.000378373
5.16 -0.000426571
5.18 -0.000420072
5.2 -0.000408524
5.22 -0.000386522
5.24 -0.000380415
5.26 -0.00035587
5.28 -0.000308754
5.3 -0.000297439
5.32 -0.000209613
5.34 -0.000190981
5.36 -0.00011781
5.38 -5.69933e-05
5.4 -4.20943e-05
5.42 2.58221e-05
5.44 5.39581e-05
5.46 0.000101298
5.48 0.000116332
5.5 0.000150053
5.52 0.000206764
5.54 0.000232965
5.56 0.000282206
5.58 0.000291256
5.6 0.000351052
5.62 0.000344562
5.64 0.000318515
5.66 0.000324677
5.68 0.000267032
5.7 0.000263764
5.72 0.000283393
5.74 0.000227774
5.76 0.000233485
5.78 0.000170989
5.8 0.000127139
5.82 0.000111257
5.84 8.90329e-05
5.86 4.81224e-05
5.88 1.1068e-05
5.9 1.83749e-05
5.92 -5.99237e-05
5.94 -3.21605e-05
5.96 -0.000129066
5.98 -0.00013461
6 -0.000124777
6.02 -0.000162442
6.04 -0.000183438
6.06 -0.000193901
6.08 -0.000177136
6.1 -0.000182095
6.12 -0.000232762
6.14 -0.00017104
6.16 -0.000171856
6.18 -0.000193195
6.2 -0.00014227
6.22 -0.000110534
6.24 -9.65028e-05
6.26 -0.000114705
6.28 -4.22393e-05
6.3 -1.45545e-05
6.32 1.49756e-05
6.34 4.28734e-05
6.36 1.59282e-05
6.38 5.42227e-05
6.4 4.90298e-05
6.42 8.34353e-05
6.44 0.000115694
6.46 0.000137049
6.48 9.55455e-05
6.5 0.00011799
6.52 0.000146087
6.54 0.000149675
6.56 0.00016276
6.58 0.000105374
6.6 0.000126223
6.62 0.000125666
6.64 8.86259e-05
6.66 0.000117849
6.68 8.2588e-05
6.7 8.86315e-05
6.72 6.85394e-05
6.74 5.67552e-06
6.76 8.23049e-06
6.78 1.15855e-05
6.8 -1.64663e-05
6.82 -7.80749e-06
6.84 -4.69769e-05
6.86 -2.88209e-05
6.88 -4.08487e-05
6.9 -6.98201e-05
6.92 -8.29572e-05
6.94 -7.50511e-05
6.96 -6.46325e-05
6.98 -9.01219e-05
7 -9.25622e-05
7.02 -9.83266e-05
7.04 -0.000119996
7.06 -6.30921e-05
7.08 -6.35724e-05
7.1 -6.28054e-05
7.12 -5.05645e-05
7.14 -4.90091e-05
7.16 -3.93244e-05
7.18 -6.07231e-05
7.2 -1.97015e-05
7.22 -4.10027e-06
7.24 5.64825e-06
7.26 2.03315e-05
7.28 4.89199e-05
7.3 2.32418e-05
7.32 5.1058e-05
7.34 5.6888e-05
7.36 5.18279e-05
7.38 6.07265e-05
7.4 3.79475e-05
7.42 4.74401e-05
7.44 9.70347e-05
7.46 7.39056e-05
7.48 4.07586e-05
7.5 7.52635e-05
7.52 7.44915e-05
7.54 6.13948e-05
7.56 3.87544e-05
7.58 6.96356e-05
7.6 5.26494e-05
7.62 4.14693e-05
7.64 1.1626e-05
7.66 1.20484e-05
7.68 4.37166e-05
7.7 2.23652e-05
7.72 2.46546e-05
7.74 4.11084e-06
7.76 -2.69186e-06
7.78 -1.00519e-05
7.8 -7.17404e-05
7.82 -4.59762e-05
7.84 -6.33893e-05
7.86 -3.59439e-05
7.88 -2.23994e-05
7.9 -3.1662e-05
7.92 -6.04299e-05
7.94 -4.80163e-05
7.96 -2.12944e-05
7.98 -3.11905e-05
8 -5.19705e-05

