0 0
0.02 0
0.04 0
0.06 0
0.08 0
0.1 0
0.12 0
0.14 0
0.16 0
0.18 0
0.2 0
0.22 0
0.24 0
0.26 0
0.28 0
0.3 0
0.32 0
0.34 0
0.36 0
0.38 0
0.4 0
0.42 0
0.44 0
0.46 0
0.48 0
0.5 0
0.52 0
0.54 0
0.56 0
0.58 0
0.6 0
0.62 0
0.64 0
0.66 0
0.68 0
0.7 0
0.72 0
0.74 0
0.76 0.0225507
0.78 -0.0345022
0.8 -0.0181484
0.82 -0.00832713
0.84 0.00232107
0.86 0.0115743
0.88 0.0192681
0.9 0.0269666
0.92 0.0334034
0.94 0.0390471
0.96 0.0438365
0.98 0.0478419
1 0.0502662
1.02 0.051497
1.04 0.0513003
1.06 0.0502088
1.08 0.0482345
1.1 0.0459253
1.12 0.0428424
1.14 0.0397746
1.16 0.0362501
1.18 0.0325051
1.2 0.0282181
1.22 0.0234993
1.24 0.0189863
1.26 0.0140405
1.28 0.0096992
1.3 0.00573872
1.32 0.00298113
1.34 0.000817561
1.36 -0.000553262
1.38 -0.000947768
1.4 -0.000516218
1.42 -4.95492e-05
1.44 0.000610458
1.46 0.000777628
1.48 0.000684989
1.5 0.000378775
1.52 -0.000345463
1.54 -0.00164304
1.56 -0.00313476
1.58 -0.00463781
1.6 -0.00595138
1.62 -0.00661614
1.64 -0.00655876
1.66 -0.00593104
1.68 -0.00462553
1.7 -0.00258534
1.72 0.000209916
1.74 0.00323029
1.76 0.0066075
1.78 0.00981001
1.8 0.0130002
1.82 0.0157049
1.84 0.0180964
1.86 0.0198778
1.88 0.0212306
1.9 0.0221178
1.92 0.022402
1.94 0.0221531
1.96 0.0217126
1.98 0.0207503
2 0.0195453
2.02 0.0179721
2.04 0.0162794
2.06 0.0142013
2.08 0.0121575
2.1 0.0097928
2.12 0.00724557
2.14 0.00473043
2.16 0.0024254
2.18 -0.000163767
2.2 -0.00250817
2.22 -0.0045498
2.24 -0.00639061
2.26 -0.0080641
2.28 -0.00918068
2.3 -0.0101195
2.32 -0.0105751
2.34 -0.0106314
2.36 -0.0102974
2.38 -0.0096918
2.4 -0.00882114
2.42 -0.00764259
2.44 -0.00645994
2.46 -0.00498708
2.48 -0.00342981
2.5 -0.00207633
2.52 -0.000556831
2.54 0.000889855
2.56 0.00220898
2.58 0.00352396
2.6 0.0044787
2.62 0.00544204
2.64 0.00630255
2.66 0.00700737
2.68 0.00750199
2.7 0.00797498
2.72 0.00839436
2.74 0.00861211
2.76 0.00869596
2.78 0.0087276
2.8 0.00858434
2.82 0.00841682
2.84 0.00807565
2.86 0.00762181
2.88 0.0071994
2.9 0.00659827
2.92 0.00588842
2.94 0.00515072
2.96 0.00436573
2.98 0.00357906
3 0.00260973
3.02 0.00165462
3.04 0.000827838
3.06 1.7436e-05
3.08 -0.000954802
3.1 -0.0017648
3.12 -0.00239829
3.14 -0.00306122
3.16 -0.00360249
3.18 -0.00413551
3.2 -0.0043015
3.22 -0.00461659
3.24 -0.00457082
3.26 -0.00456677
3.28 -0.00427693
3.3 -0.00394404
3.32 -0.00348451
3.34 -0.00290088
3.36 -0.00228217
3.38 -0.00163254
3.4 -0.000946226
3.42 -0.000219657
3.44 0.000473011
3.46 0.00112137
3.48 0.00183502
3.5 0.00247581
3.52 0.00305239
3.54 0.00356678
3.56 0.00400758
3.58 0.00432408
3.6 0.00462221
3.62 0.00481994
3.64 0.00486384
3.66 0.00490352
3.68 0.00480426
3.7 0.00459353
3.72 0.00432538
3.74 0.00404275
3.76 0.0036246
3.78 0.00318406
3.8 0.00268901
3.82 0.00214135
3.84 0.00161179
3.86 0.00110384
3.88 0.000567438
3.9 5.19801e-05
3.92 -0.000446595
3.94 -0.000856414
3.96 -0.0012189
3.98 -0.00160214
4 -0.0019345
4.02 -0.00212598
4.04 -0.00238815
4.06 -0.00250085
4.08 -0.00253438
4.1 -0.00256825
4.12 -0.002429
4.14 -0.00229928
4.16 -0.0021537
4.18 -0.00200942
4.2 -0.00172078
4.22 -0.00142512
4.24 -0.00108313
4.26 -0.000694103
4.28 -0.000382038
4.3 2.49271e-05
4.32 0.000356382
4.34 0.000778217
4.36 0.00109993
4.38 0.00142496
4.4 0.00169371
4.42 0.00194774
4.44 0.00213957
4.46 0.0023756
4.48 0.0024725
4.5 0.00254321
4.52 0.00260873
4.54 0.00256738
4.56 0.00254852
4.58 0.00240372
4.6 0.00225068
4.62 0.00208777
4.64 0.00183838
4.66 0.00170168
4.68 0.00135777
4.7 0.0010887
4.72 0.000833529
4.74 0.000575706
4.76 0.000265571
4.78 -2.82394e-05
4.8 -0.000301377
4.82 -0.000568448
4.84 -0.000790381
4.86 -0.000998981
4.88 -0.0011774
4.9 -0.00128977
4.92 -0.00140495
4.94 -0.00142512
4.96 -0.00146728
4.98 -0.00141988
5 -0.00137839
5.02 -0.00129231
5.04 -0.00116193
5.06 -0.00101625
5.08 -0.000883542
5.1 -0.000687718
5.12 -0.00049401
5.14 -0.000274277
5.16 -0.000102642
5.18 0.000113247
5.2 0.000307512
5.22 0.000505512
5.24 0.000674526
5.26 0.000811941
5.28 0.00101001
5.3 0.00110758
5.32 0.00123848
5.34 0.00129962
5.36 0.00137241
5.38 0.00137676
5.4 0.0013814
5.42 0.00142086
5.44 0.00127897
5.46 0.00129639
5.48 0.00118889
5.5 0.00107509
5.52 0.000967039
5.54 0.000825484
5.56 0.000632505
5.58 0.000543156
5.6 0.000341625
5.62 0.000187602
5.64 6.27439e-05
5.66 -0.000114771
5.68 -0.00028658
5.7 -0.000403136
5.72 -0.000548204
5.74 -0.000642972
5.76 -0.000740131
5.78 -0.000794682
5.8 -0.000844389
5.82 -0.000869223
5.84 -0.000840849
5.86 -0.000874308
5.88 -0.000806476
5.9 -0.000755361
5.92 -0.000717865
5.94 -0.000595703
5.96 -0.000506808
5.98 -0.000353968
6 -0.000246849
6.02 -0.000130956
6.04 3.90767e-05
6.06 0.000152544
6.08 0.000220308
6.1 0.000365952
6.12 0.000459408
6.14 0.000537296
6.16 0.000640508
6.18 0.000655196
6.2 0.000757536
6.22 0.000796694
6.24 0.000823174
6.26 0.000816924
6.28 0.000770523
6.3 0.000779181
6.32 0.000779148
6.34 0.000694136
6.36 0.000644699
6.38 0.000615759
6.4 0.000495027
6.42 0.000421069
6.44 0.000327748
6.46 0.000232648
6.48 0.000164453
6.5 5.44081e-05
6.52 -2.53004e-06
6.54 -9.74628e-05
6.56 -0.000175278
6.58 -0.000261348
6.6 -0.000323244
6.62 -0.000382199
6.64 -0.000403854
6.66 -0.000408073
6.68 -0.000457462
6.7 -0.000477763
6.72 -0.000498164
6.74 -0.000411502
6.76 -0.000417588
6.78 -0.000385331
6.8 -0.000324133
6.82 -0.000265493
6.84 -0.000222844
6.86 -0.000193034
6.88 -0.000121924
6.9 -4.43755e-05
6.92 6.14137e-06
6.94 0.000120362
6.96 0.000174683
6.98 0.000222285
7 0.000272386
7.02 0.000311323
7.04 0.000360738
7.06 0.000429154
7.08 0.000462799
7.1 0.000455211
7.12 0.000472747
7.14 0.000491251
7.16 0.000460858
7.18 0.000476529
7.2 0.000422816
7.22 0.000400186
7.24 0.000357463
7.26 0.000318644
7.28 0.00028107
7.3 0.000247324
7.32 0.000179524
7.34 0.000121828
7.36 7.53696e-05
7.38 1.70763e-05
7.4 -1.32988e-05
7.42 -8.54669e-05
7.44 -9.50394e-05
7.46 -0.000132289
7.48 -0.000213291
7.5 -0.000185085
7.52 -0.000239518
7.54 -0.000237889
7.56 -0.000212312
7.58 -0.000221803
7.6 -0.000236088
7.62 -0.000241868
7.64 -0.000236701
7.66 -0.000175994
7.68 -0.000159652
7.7 -0.000147955
7.72 -7.34207e-05

