-4.929289999999999949e+00 1.079914190018461128e-06 8.811718593444338055e+00
-4.424240000000000173e+00 1.619871285027691692e-06 6.417809621048531366e-01
-4.171719999999999651e+00 8.639313520147689026e-06 6.656098927820135458e-01
-3.919189999999999952e+00 2.645789765545229701e-05 1.097766867855016315e+00
-3.666669999999999874e+00 6.695467978114459249e-05 1.273181699483467044e+00
-3.414140000000000175e+00 1.603672572177414820e-04 1.263238660093102705e+00
-3.161620000000000097e+00 3.596114252761475460e-04 9.326336735466057570e-01
-2.909089999999999954e+00 6.522681707711504859e-04 9.730291515578849415e-01
-2.656569999999999876e+00 1.156588097509771802e-03 9.559417018474840599e-01
-2.404040000000000177e+00 1.881750476107168623e-03 9.640983131299524223e-01
-2.151520000000000099e+00 2.829915134943377340e-03 9.440743031474980729e-01
-1.898989999999999956e+00 4.118792720730410709e-03 9.644627568492498693e-01
-1.646460000000000035e+00 5.588555933345536533e-03 9.906459629024908509e-01
-1.393939999999999957e+00 7.333697264415369940e-03 9.694634410494450405e-01
-1.141410000000000036e+00 9.557240581663380488e-03 9.439245472531773151e-01
-8.888890000000000402e-01 1.217765236374317682e-02 9.901645533207684702e-01
-6.363640000000000407e-01 1.522031059412019133e-02 9.823133108118637935e-01
-3.838380000000000125e-01 1.863661913424359204e-02 9.996237194265182868e-01
-1.313130000000000130e-01 2.249029292132447011e-02 9.968993600997818616e-01
1.212120000000000003e-01 2.651189336495322207e-02 9.874858634197953844e-01
3.737369999999999859e-01 3.079645291385146519e-02 9.978366561999578721e-01
6.262630000000000141e-01 3.455023463835563829e-02 1.006234829336810854e+00
8.787880000000000136e-01 3.864580920400065289e-02 9.994098243132518711e-01
1.131310000000000038e+00 4.260477462460832837e-02 9.975547660286772089e-01
1.383839999999999959e+00 4.555995980559384567e-02 1.017646050206934216e+00
1.636360000000000037e+00 4.771492857177568603e-02 1.017071352640791071e+00
1.888889999999999958e+00 4.952864445391168963e-02 1.024055790492879758e+00
2.141410000000000036e+00 5.057670117532461068e-02 1.022533795646516586e+00
2.393940000000000179e+00 5.070143126427174157e-02 1.010723599616737411e+00
2.646459999999999813e+00 5.006914150601593505e-02 1.021180727795181431e+00
2.898989999999999956e+00 4.869117099955237726e-02 1.019605117721572807e+00
3.151520000000000099e+00 4.649678536543486174e-02 1.021406607453432924e+00
3.404040000000000177e+00 4.406859830917835008e-02 1.013635476915904166e+00
3.656569999999999876e+00 4.068576710894552390e-02 1.015421974927337434e+00
3.909089999999999954e+00 3.700865929193266485e-02 1.005406675434209030e+00
4.161620000000000097e+00 3.343306340878153537e-02 1.010713947150408965e+00
4.414139999999999731e+00 2.988230555200083877e-02 1.002453476081450523e+00
4.666669999999999874e+00 2.619763833565784752e-02 9.948743298204855146e-01
4.919190000000000396e+00 2.247679399394924074e-02 9.946091796041384159e-01
5.171719999999999651e+00 1.939795863820660896e-02 9.754887030466183884e-01
5.424240000000000173e+00 1.643197431532090330e-02 9.752596610161889945e-01
5.676770000000000316e+00 1.360097926618750869e-02 9.623128789550612350e-01
5.929289999999999949e+00 1.130886139787332448e-02 9.394640632694921667e-01
6.181820000000000093e+00 9.124194991465977428e-03 9.314691981529482634e-01
6.434339999999999726e+00 7.351515848550674477e-03 9.270437241264012362e-01
6.686869999999999870e+00 5.954106886666785808e-03 8.951345815769945480e-01
6.939390000000000391e+00 4.754862178651284195e-03 8.758737630675514918e-01
7.191919999999999646e+00 3.623112107511937234e-03 8.684474325138680229e-01
7.444440000000000168e+00 2.788338438627666754e-03 8.270057159514542233e-01
7.696970000000000312e+00 2.159288422941912922e-03 8.602570329493567369e-01
7.949489999999999945e+00 1.574514889046916329e-03 7.844915449270928320e-01
8.202019999999999200e+00 1.120950929239162728e-03 7.690781288406731697e-01
8.454549999999999343e+00 8.282941837441596799e-04 7.228329462353478840e-01
8.707069999999999865e+00 5.599355075245720766e-04 6.725173478389148141e-01
8.959600000000000009e+00 3.887691084066459825e-04 6.961722744427003562e-01
9.212120000000000530e+00 2.521599633693106580e-04 5.400746577926218706e-01
9.464650000000000674e+00 1.506480295075753365e-04 5.007212581439746124e-01
9.717169999999999419e+00 8.045360715637535766e-05 5.255783517494780899e-01
9.969699999999999562e+00 4.697626726580306141e-05 4.143817470789606383e-01
1.022220000000000084e+01 2.213824089537845419e-05 3.050926211792238107e-01
1.047470000000000034e+01 7.019442235119997546e-06 4.901873835798462031e-01
1.072729999999999961e+01 2.699785475046153032e-06 3.320908142226485782e-01
1.097979999999999912e+01 1.079914190018461128e-06 4.875060770646981734e-01
