5.555559999999999832e+00 9.179280527992216641e-06 2.419488400177475018e+00
5.808080000000000354e+00 2.969767229644540608e-05 1.424583950794797715e+00
6.060609999999999609e+00 1.063716625890862607e-04 1.713375530474141151e+00
6.313130000000000130e+00 3.164151993766728442e-04 1.688583652737451590e+00
6.565660000000000274e+00 8.018371520040259168e-04 1.473428040328758071e+00
6.818179999999999907e+00 1.844495428448318305e-03 1.463143267532030167e+00
7.070710000000000051e+00 3.767284720223629084e-03 1.343551863526244450e+00
7.323229999999999684e+00 6.951955105758810677e-03 1.320767613869370916e+00
7.575759999999999827e+00 1.174947907583003687e-02 1.207166071556433851e+00
7.828280000000000349e+00 1.845305364965494146e-02 1.168355910139068810e+00
8.080809999999999604e+00 2.651084208019775443e-02 1.142348712215043749e+00
8.333330000000000126e+00 3.587532809178416854e-02 1.112310368396259630e+00
8.585860000000000269e+00 4.528787033672300455e-02 1.079534274125056870e+00
8.838380000000000791e+00 5.463993732171272544e-02 1.052647915268169809e+00
9.090909999999999158e+00 6.267288769906215196e-02 1.029643899675506402e+00
9.343429999999999680e+00 6.876685005429274133e-02 1.014077096151653423e+00
9.595959999999999823e+00 7.157786972657083358e-02 9.971839881679176454e-01
9.848480000000000345e+00 7.235270899466900163e-02 9.840991308666663384e-01
1.010100000000000087e+01 7.059730658311001716e-02 9.795628583250682864e-01
1.035350000000000037e+01 6.724902902110532765e-02 9.655788661094700798e-01
1.060609999999999964e+01 6.142612542028955819e-02 9.658891875589824538e-01
1.085859999999999914e+01 5.500818845818864627e-02 9.467421295387625779e-01
1.111110000000000042e+01 4.824467858209273430e-02 9.508499889416733852e-01
1.136359999999999992e+01 4.175762703719282376e-02 9.330532545078522588e-01
1.161619999999999919e+01 3.507619072817072525e-02 9.359352749792930748e-01
1.186870000000000047e+01 2.924626767753943368e-02 9.319127805374061158e-01
1.212119999999999997e+01 2.394712302449733890e-02 9.276905261824450744e-01
1.237369999999999948e+01 1.941957789348471020e-02 9.410274447847023493e-01
1.262630000000000052e+01 1.511503528353447603e-02 9.094293437025883220e-01
1.287880000000000003e+01 1.211233063552478832e-02 9.250227401007777850e-01
1.313129999999999953e+01 9.611246670485967467e-03 9.224420715852402752e-01
1.338380000000000081e+01 7.230573267667280389e-03 9.264013891735811690e-01
1.363640000000000008e+01 5.548605100332236299e-03 9.198502533655239510e-01
1.388889999999999958e+01 4.254326545885333578e-03 9.310602831951639846e-01
1.414140000000000086e+01 3.181970597144595601e-03 9.331789918058472910e-01
1.439390000000000036e+01 2.433589255274171484e-03 8.984164329075333688e-01
1.464649999999999963e+01 1.772681057258731954e-03 9.429983602358948946e-01
1.489899999999999913e+01 1.340714914764980789e-03 9.008145488398140444e-01
1.515150000000000041e+01 9.946020430918623562e-04 9.402917643115141777e-01
1.540399999999999991e+01 7.078845160116349925e-04 9.100403987376618486e-01
1.565659999999999918e+01 5.539965777482361471e-04 8.836650489305269973e-01
1.590910000000000046e+01 3.984887664504856088e-04 9.722099367494994038e-01
1.616159999999999997e+01 2.964367652863368705e-04 8.416022304544784616e-01
1.641410000000000124e+01 1.954646794784224858e-04 9.952596155866105798e-01
1.666669999999999874e+01 1.533479805852817229e-04 8.519737985345190445e-01
1.691920000000000002e+01 1.052917472328518937e-04 9.466479316212939032e-01
1.717170000000000130e+01 8.099365171757837037e-05 9.008080523823356334e-01
1.742419999999999902e+01 5.939534459289081217e-05 7.604371214232288345e-01
1.767680000000000007e+01 4.373657192749232027e-05 7.584051321072062812e-01
1.792930000000000135e+01 3.455729139950010532e-05 7.922210450308720953e-01
1.818179999999999907e+01 2.915771461832821577e-05 9.866741343585873070e-01
1.843430000000000035e+01 1.997843409033600083e-05 8.850611020604508550e-01
1.868690000000000140e+01 8.639322849875026331e-06 9.979718485039790199e-01
1.893939999999999912e+01 7.559407493640648251e-06 5.697379457786844181e-01
1.919190000000000040e+01 5.939534459289080708e-06 8.181661842473749724e-01
1.944440000000000168e+01 4.319661424937513165e-06 1.256854704975927550e+00
1.969699999999999918e+01 2.699788390585946046e-06 1.067299615720328498e+00
1.994950000000000045e+01 2.159830712468756583e-06 3.556100309016247407e-01
2.020200000000000173e+01 3.239746068703135086e-06 1.300251248808695914e+00
2.045449999999999946e+01 1.619873034351567543e-06 6.317657803574109332e-01
2.095959999999999823e+01 2.159830712468756583e-06 9.196719809267391854e-01
2.146460000000000079e+01 1.079915356234378291e-06 2.092850168558290092e-01
