0.000000000000000000e+00
7.127123910080769287e-01
6.217977679079678133e-01
4.948789396913589322e-01
3.696766244080539887e-01
2.642969050362110606e-01
1.790682474383308853e-01
1.318816802883792105e-01
9.597235540737461545e-02
7.885537595870434346e-02
7.284187736812411385e-02
7.533763539525631381e-02
8.234948337250266870e-02
9.418139145924933620e-02
1.106584654822403563e-01
1.280444286294029621e-01
1.545991489593008805e-01
1.921583381579649030e-01
2.333390941276424768e-01
2.280195831214676672e-01
1.903619631974218795e-01
1.611126211975743849e-01
1.412434213902271640e-01
1.293605977416440733e-01
1.214261305047464462e-01
1.185691384345519545e-01
1.215567223407914982e-01
1.261111262527338794e-01
1.329892374108255781e-01
1.410787126412839099e-01
1.512779747598485269e-01
1.614464719529289105e-01
