0.000000000000000000e+00
8.748375649016925104e-01
7.914309827783813089e-01
5.860963783139074845e-01
4.311048250260404724e-01
2.932594288694851947e-01
1.956258256725599831e-01
1.414090523213121509e-01
1.008012425834908521e-01
8.245457256314160654e-02
7.664240762849773569e-02
7.860596018309946864e-02
8.611487691441092884e-02
1.018684571107836973e-01
1.209993709419185381e-01
1.420126635999099940e-01
1.717509168505646222e-01
2.221944493238529605e-01
2.790450096668465330e-01
2.748278134531121353e-01
2.201601106679185460e-01
1.825339272236143895e-01
1.547395623642419671e-01
1.431585961909750127e-01
1.334134090285034324e-01
1.315502528643177349e-01
1.306170557612164607e-01
1.391084288568001925e-01
1.481496526096776623e-01
1.574382360970488504e-01
1.727825090426306498e-01
1.841160882345068694e-01
