0.000000000000000000e+00
1.769405106660051352e-01
1.778511923678423312e-01
1.708917922544462842e-01
1.670583245568749431e-01
1.558206040268089454e-01
1.461398685669068609e-01
1.387472534892235376e-01
1.309372720052507655e-01
1.236581014021146535e-01
1.203130321954593018e-01
1.199502745860526326e-01
1.214782969887503450e-01
1.236241316826209025e-01
1.257282880483481802e-01
1.310967280323570294e-01
1.401558114590837900e-01
1.639507267999615880e-01
2.045726581818021195e-01
2.099155937738500510e-01
1.779991241581017070e-01
1.585944161690222565e-01
1.497447819257451129e-01
1.407596989908107277e-01
1.376939379327624113e-01
1.369773873219047589e-01
1.349083118607587450e-01
1.366591554524483887e-01
1.386204483309874391e-01
1.441123199453934467e-01
1.517149596802385147e-01
1.599491540262410749e-01
