0.000000000000000000e+00
1.724554520468980501e-01
1.784908721938635312e-01
1.668387663575344459e-01
1.649543646716565837e-01
1.534633666447951794e-01
1.443624052419260062e-01
1.337617982840399455e-01
1.290040002777023131e-01
1.208554296019893060e-01
1.167582494421914724e-01
1.179006024591405938e-01
1.189269454678647531e-01
1.208220499354793476e-01
1.214743097602991734e-01
1.292787184670994571e-01
1.359099997813000005e-01
1.565887823107622312e-01
1.939898559955081092e-01
1.966692300147350470e-01
1.726611950822340980e-01
1.567911018825429437e-01
1.457928983765186259e-01
1.413584894269455383e-01
1.345820323391295759e-01
1.335994311821401270e-01
1.306780886628682858e-01
1.321452492292715664e-01
1.325722823892943325e-01
1.400398837638600624e-01
1.468335750862519717e-01
1.510990760925906007e-01
