P s_2 f_2 q_6 w_6 Q_6 C
9 0.139995 0.121315 0.129489 0.154608 0.640432 0.368276
11 0.136211 0.118853 0.132193 0.161913 0.687225 0.413897
13 0.131639 0.117272 0.134965 0.168065 0.752754 0.465823
15 0.129179 0.117197 0.13681 0.171904 0.849975 0.54182
17 0.125639 0.115056 0.139401 0.179213 0.910272 0.603934
19 0.126374 0.116293 0.141675 0.183741 1.01961 0.691033
21 0.12519 0.115741 0.1454 0.186743 1.21861 0.827901
23 0.122606 0.115033 0.149116 0.19059 1.55827 1.07431
25 0.121716 0.114623 0.154915 0.197092 1.91312 1.35545
